4235
4985
6086
6095
11436
12643
13749
13758
13980
15123
15132
15230
16374
16383
45119
45122
46245
46254
46548
47597
48707
48716
48761
49850
49859
49935
51024
51033
51554
52647
52656
52958
54051
54060
54261
55369
55378
55575
56668
56677
56881
57761
58673
59765
59774
60034
61129
61138
61194
62288
62297
62649
63744
63753
63954
65062
65071
65155
65580
65582
66682
66691
66761
67852
67861
70816
70819
70822
71563
72578
73442
73578
74740
75730
76777
78099
78102
82197
82199
83390
27699
28707
30906
277
286
1532
2640
3886
5115
6362
6973
8269
9582
10622
12207
12776
14176
15858
17571
23786
27397
29826
31189
32447
35676
37123
38353
39552
40752
41966
83203
83331
90616
212
3732
4774
6206
7534
8943
10253
11518
27622
28999
30669
31976
19087
20397
21694
22318
55862
19279
53138
97715
37088
81384
18548
62262
71506
72867
74168
88315
88389
74171
74173
75477
87809
88027
89218
91271
96264
16952
18234
19360
20546
21774
23004
27282
27285
28230
30110
31047
31644
32994
33424
34574
35689
37116
39803
42246
43586
44924
46205
47498
48786
50099
51389
54086
55421
57848
59906
62440
65304
66930
68385
69805
71091
72369
73646
74920
76257
77545
78821
80091
81367
1257
3769
4793
7213
8509
9844
5293
2461
4848
7278
8687
11519
8918
10067
11185
19101
21582
7264
789
4956
6084
8237
15853
18105
20541
23638
25925
27165
32292
45083
48272
54024
61926
64177
70467
71609
72729
73854
74974
76096
77208
78419
79540
80786
82259
18265
19386
20546
21655
22793
23914
25085
26209
27361
13463
15753
18032
20305
22592
24864
27166
29509
31786
34564
63416
2508
3526
4654
5786
6922
8062
9247
10382
11539
12690
13820
15131
16278
17496
18712
20067
21319
22459
23608
25095
26241
27450
28761
29720
30891
32021
33186
34316
35444
36578
37699
38834
39992
41133
42264
43424
44552
45697
47161
48313
49467
50599
51736
52864
54978
57322
59647
60783
61955
64243
66480
68749
70229
29365
34108
40022
42476
44745
47009
49255
51540
54120
56435
47333
11950
14899
16040
17158
18271
19392
7891
7900
8140
9243
9517
9534
9605
9619
9691
10258
